CFG match: 78 blocks, 49 regions
TOP REGIONS (1):
  LoopRegion@6 blocks=[0, 6, 10, 114, 222, 306, 386, 546, 664, 706, 728, 732, 774, 796, 800, 816, 1068, 1110, 1190, 1194, 1236, 1316, 1320, 1324, 1372, 1384, 1432, 1444, 1486, 1566, 1570, 1612, 1692, 1696, 1820, 1830, 1834, 1884, 1896, 1908, 1912, 1954, 2034, 2038, 2080, 2160, 2164, 2208, 2212, 2254, 2334, 2338, 2380, 2460, 2464, 2468, 2484, 2526, 2606, 2846, 2888, 2968, 3208, 3210, 3226, 3294, 3432, 3574, 3626, 3760, 3764, 3828, 3952, 3954, 3968, 4678, 4960, 4964] else_blocks=[4964] body_blocks=[6, 10, 114, 222, 306, 386, 546, 664, 706, 728, 732, 774, 796, 800, 816, 1068, 1110, 1190, 1194, 1236, 1316, 1320, 1324, 1372, 1384, 1432, 1444, 1486, 1566, 1570, 1612, 1692, 1696, 1820, 1830, 1834, 1884, 1896, 1908, 1912, 1954, 2034, 2038, 2080, 2160, 2164, 2208, 2212, 2254, 2334, 2338, 2380, 2460, 2464, 2468, 2484, 2526, 2606, 2846, 2888, 2968, 3208, 3210, 3226, 3294, 3432, 3574, 3626, 3760, 3764, 3828, 3952, 3954, 3968, 4678, 4960] children=['IfRegion@10', 'IfRegion@114', 'IfRegion@546', 'IfRegion@664', 'IfRegion@706', 'IfRegion@732', 'IfRegion@774', 'IfRegion@800', 'IfRegion@816', 'IfRegion@1068', 'IfRegion@1110', 'IfRegion@1194', 'IfRegion@1236', 'IfRegion@1324', 'IfRegion@1372', 'IfRegion@1384', 'IfRegion@1432', 'IfRegion@1444', 'IfRegion@1486', 'IfRegion@1570', 'IfRegion@1612', 'BoolOpRegion@1696', 'TernaryRegion@1696', 'IfRegion@1834', 'IfRegion@1884', 'IfRegion@1896', 'IfRegion@1908', 'IfRegion@1912', 'IfRegion@1954', 'IfRegion@2038', 'IfRegion@2080', 'IfRegion@2164', 'IfRegion@2208', 'IfRegion@2212', 'IfRegion@2254', 'IfRegion@2338', 'IfRegion@2380', 'IfRegion@2468', 'IfRegion@2484', 'IfRegion@2526', 'IfRegion@2846', 'IfRegion@2888', 'IfRegion@3210', 'IfRegion@3226', 'IfRegion@3432', 'IfRegion@3574', 'IfRegion@3764', 'IfRegion@3968']

FULL TREE BY ENTRY:
  LoopRegion@6 blocks=[0, 6, 10, 114, 222, 306, 386, 546, 664, 706, 728, 732, 774, 796, 800, 816, 1068, 1110, 1190, 1194, 1236, 1316, 1320, 1324, 1372, 1384, 1432, 1444, 1486, 1566, 1570, 1612, 1692, 1696, 1820, 1830, 1834, 1884, 1896, 1908, 1912, 1954, 2034, 2038, 2080, 2160, 2164, 2208, 2212, 2254, 2334, 2338, 2380, 2460, 2464, 2468, 2484, 2526, 2606, 2846, 2888, 2968, 3208, 3210, 3226, 3294, 3432, 3574, 3626, 3760, 3764, 3828, 3952, 3954, 3968, 4678, 4960, 4964] else_blocks=[4964] body_blocks=[6, 10, 114, 222, 306, 386, 546, 664, 706, 728, 732, 774, 796, 800, 816, 1068, 1110, 1190, 1194, 1236, 1316, 1320, 1324, 1372, 1384, 1432, 1444, 1486, 1566, 1570, 1612, 1692, 1696, 1820, 1830, 1834, 1884, 1896, 1908, 1912, 1954, 2034, 2038, 2080, 2160, 2164, 2208, 2212, 2254, 2334, 2338, 2380, 2460, 2464, 2468, 2484, 2526, 2606, 2846, 2888, 2968, 3208, 3210, 3226, 3294, 3432, 3574, 3626, 3760, 3764, 3828, 3952, 3954, 3968, 4678, 4960] children=['IfRegion@10', 'IfRegion@114', 'IfRegion@546', 'IfRegion@664', 'IfRegion@706', 'IfRegion@732', 'IfRegion@774', 'IfRegion@800', 'IfRegion@816', 'IfRegion@1068', 'IfRegion@1110', 'IfRegion@1194', 'IfRegion@1236', 'IfRegion@1324', 'IfRegion@1372', 'IfRegion@1384', 'IfRegion@1432', 'IfRegion@1444', 'IfRegion@1486', 'IfRegion@1570', 'IfRegion@1612', 'BoolOpRegion@1696', 'TernaryRegion@1696', 'IfRegion@1834', 'IfRegion@1884', 'IfRegion@1896', 'IfRegion@1908', 'IfRegion@1912', 'IfRegion@1954', 'IfRegion@2038', 'IfRegion@2080', 'IfRegion@2164', 'IfRegion@2208', 'IfRegion@2212', 'IfRegion@2254', 'IfRegion@2338', 'IfRegion@2380', 'IfRegion@2468', 'IfRegion@2484', 'IfRegion@2526', 'IfRegion@2846', 'IfRegion@2888', 'IfRegion@3210', 'IfRegion@3226', 'IfRegion@3432', 'IfRegion@3574', 'IfRegion@3764', 'IfRegion@3968']
  IfRegion@10 blocks=[10, 114, 222, 306, 386, 546, 664, 706, 728, 732, 774, 796, 800, 816, 1068, 1110, 1190, 1194, 1236, 1316, 1320, 1324, 1372, 1384, 1432, 1444, 1486, 1566, 1570, 1612, 1692, 1696, 1820, 1830, 1834, 1884, 1896, 1908, 1912, 1954, 2034, 2038, 2080, 2160, 2164, 2208, 2212, 2254, 2334, 2338, 2380, 2460, 2464, 2468, 2484, 2526, 2606, 2846, 2888, 3208, 3210, 3226, 3294, 3432, 3574, 3626, 3760, 3764, 3828, 3952, 3954, 3968, 4678, 4960] then_blocks=[114, 222, 306, 386] else_blocks=[546, 664, 706, 728, 732, 774, 796, 800, 816, 1068, 1110, 1190, 1194, 1236, 1316, 1320, 1324, 1372, 1384, 1432, 1444, 1486, 1566, 1570, 1612, 1692, 1696, 1820, 1830, 1834, 1884, 1896, 1908, 1912, 1954, 2034, 2038, 2080, 2160, 2164, 2208, 2212, 2254, 2334, 2338, 2380, 2460, 2464, 2468, 2484, 2526, 2606, 2846, 2888, 3208, 3210, 3226, 3294, 3432, 3574, 3626, 3760, 3764, 3828, 3952, 3954, 3968, 4678, 4960] children=[]
  IfRegion@114 blocks=[114, 222, 306] then_blocks=[222] else_blocks=[306] children=[]
  IfRegion@546 blocks=[546, 664, 706, 728, 732, 774, 796, 800, 816, 1068, 1110, 1190, 1194, 1236, 1316, 1320, 1324, 1372, 1384, 1432, 1444, 1486, 1566, 1570, 1612, 1692, 1696, 1820, 1830, 1834, 1884, 1896, 1908, 1912, 1954, 2034, 2038, 2080, 2160, 2164, 2208, 2212, 2254, 2334, 2338, 2380, 2460, 2464, 2468, 2484, 2526, 2606, 2846, 2888, 3208] then_blocks=[664, 706, 728, 732, 774, 796, 800, 816, 1068, 1110, 1190, 1194, 1236, 1316, 1320, 1324, 1372, 1384, 1432, 1444, 1486, 1566, 1570, 1612, 1692, 1696, 1820, 1830, 1834, 1884, 1896, 1908, 1912, 1954, 2034, 2038, 2080, 2160, 2164, 2208, 2212, 2254, 2334, 2338, 2380, 2460, 2464] else_blocks=[2468, 2484, 2526, 2606, 2846, 2888, 3208] children=[]
  IfRegion@664 blocks=[664, 706, 728, 732, 774, 796, 800, 816, 1068, 1110, 1190, 1194, 1236, 1316, 1320, 1324, 1372, 1384, 1432, 1444, 1486, 1566, 1570, 1612, 1692, 1696, 1820, 1830, 1834, 1884, 1896, 1908, 1912, 1954, 2034, 2038, 2080, 2160, 2164, 2208, 2212, 2254, 2334, 2338, 2380, 2460, 2464, 3210, 3226, 3294, 3432, 3574, 3626, 3760, 3764, 3828, 3952, 3954, 3968, 4678, 4960] then_blocks=[728] else_blocks=[732, 774, 796, 800, 816, 1068, 1110, 1190, 1194, 1236, 1316, 1320, 1324, 1372, 1384, 1432, 1444, 1486, 1566, 1570, 1612, 1692, 1696, 1820, 1830, 1834, 1884, 1896, 1908, 1912, 1954, 2034, 2038, 2080, 2160, 2164, 2208, 2212, 2254, 2334, 2338, 2380, 2460, 2464, 3210, 3226, 3294, 3432, 3574, 3626, 3760, 3764, 3828, 3952, 3954, 3968, 4678, 4960] inline_boolop_chains={2017087530448: {'blocks': [BasicBlock(9, offset=664-704, instrs=6), BasicBlock(10, offset=706-726, instrs=5)], 'op': 'and'}} children=[]
  IfRegion@706 blocks=[706, 728, 732, 774, 796, 800, 816, 1068, 1110, 1190, 1194, 1236, 1316, 1320, 1324, 1372, 1384, 1432, 1444, 1486, 1566, 1570, 1612, 1692, 1696, 1820, 1830, 1834, 1884, 1896, 1908, 1912, 1954, 2034, 2038, 2080, 2160, 2164, 2208, 2212, 2254, 2334, 2338, 2380, 2460, 2464, 3210, 3226, 3294, 3432, 3574, 3626, 3760, 3764, 3828, 3952, 3954, 3968, 4678, 4960] then_blocks=[728] else_blocks=[732, 774, 796, 800, 816, 1068, 1110, 1190, 1194, 1236, 1316, 1320, 1324, 1372, 1384, 1432, 1444, 1486, 1566, 1570, 1612, 1692, 1696, 1820, 1830, 1834, 1884, 1896, 1908, 1912, 1954, 2034, 2038, 2080, 2160, 2164, 2208, 2212, 2254, 2334, 2338, 2380, 2460, 2464, 3210, 3226, 3294, 3432, 3574, 3626, 3760, 3764, 3828, 3952, 3954, 3968, 4678, 4960] children=[]
  IfRegion@732 blocks=[732, 774, 796, 800, 816, 1068, 1110, 1190, 1194, 1236, 1316, 1320, 1324, 1372, 1384, 1432, 1444, 1486, 1566, 1570, 1612, 1692, 1696, 1820, 1830, 1834, 1884, 1896, 1908, 1912, 1954, 2034, 2038, 2080, 2160, 2164, 2208, 2212, 2254, 2334, 2338, 2380, 2460, 2464, 3210, 3226, 3294, 3432, 3574, 3626, 3760, 3764, 3828, 3952, 3954, 3968, 4678, 4960] then_blocks=[796] else_blocks=[800, 816, 1068, 1110, 1190, 1194, 1236, 1316, 1320, 1324, 1372, 1384, 1432, 1444, 1486, 1566, 1570, 1612, 1692, 1696, 1820, 1830, 1834, 1884, 1896, 1908, 1912, 1954, 2034, 2038, 2080, 2160, 2164, 2208, 2212, 2254, 2334, 2338, 2380, 2460, 2464, 3210, 3226, 3294, 3432, 3574, 3626, 3760, 3764, 3828, 3952, 3954, 3968, 4678, 4960] inline_boolop_chains={2017087530960: {'blocks': [BasicBlock(12, offset=732-772, instrs=6), BasicBlock(13, offset=774-794, instrs=5)], 'op': 'and'}} children=[]
  IfRegion@774 blocks=[774, 796, 800, 816, 1068, 1110, 1190, 1194, 1236, 1316, 1320, 1324, 1372, 1384, 1432, 1444, 1486, 1566, 1570, 1612, 1692, 1696, 1820, 1830, 1834, 1884, 1896, 1908, 1912, 1954, 2034, 2038, 2080, 2160, 2164, 2208, 2212, 2254, 2334, 2338, 2380, 2460, 2464, 3210, 3226, 3294, 3432, 3574, 3626, 3760, 3764, 3828, 3952, 3954, 3968, 4678, 4960] then_blocks=[796] else_blocks=[800, 816, 1068, 1110, 1190, 1194, 1236, 1316, 1320, 1324, 1372, 1384, 1432, 1444, 1486, 1566, 1570, 1612, 1692, 1696, 1820, 1830, 1834, 1884, 1896, 1908, 1912, 1954, 2034, 2038, 2080, 2160, 2164, 2208, 2212, 2254, 2334, 2338, 2380, 2460, 2464, 3210, 3226, 3294, 3432, 3574, 3626, 3760, 3764, 3828, 3952, 3954, 3968, 4678, 4960] children=[]
  IfRegion@800 blocks=[800, 816, 1068, 1110, 1190, 1194, 1236, 1316, 1320, 1324, 1372, 1384, 1432, 1444, 1486, 1566, 1570, 1612, 1692, 1696, 1820, 1830, 1834, 1884, 1896, 1908, 1912, 1954, 2034, 2038, 2080, 2160, 2164, 2208, 2212, 2254, 2334, 2338, 2380, 2460] then_blocks=[816, 1068, 1110, 1190, 1194, 1236, 1316, 1320, 1324, 1372, 1384, 1432, 1444, 1486, 1566, 1570, 1612, 1692, 1696, 1820, 1830, 1834, 1884, 1896, 1908, 1912, 1954, 2034, 2038, 2080, 2160, 2164, 2208, 2212, 2254, 2334, 2338, 2380, 2460] children=[]
  IfRegion@816 blocks=[816, 1068, 1110, 1190, 1194, 1236, 1316, 1320, 1324, 1372, 1384, 1432, 1444, 1486, 1566, 1570, 1612, 1692, 1696, 1820, 1830, 1834, 1884, 1896, 1908, 1912, 1954, 2034, 2038, 2080, 2160, 2164, 2208, 2212, 2254, 2334, 2338, 2380, 2460] then_blocks=[1068, 1110, 1190, 1194, 1236, 1316, 1320] else_blocks=[1324, 1372, 1384, 1432, 1444, 1486, 1566, 1570, 1612, 1692, 1696, 1820, 1830, 1834, 1884, 1896, 1908, 1912, 1954, 2034, 2038, 2080, 2160, 2164, 2208, 2212, 2254, 2334, 2338, 2380, 2460] children=[]
  IfRegion@1068 blocks=[1068, 1110, 1190, 1194, 1236, 1316, 1320, 2464, 3210, 3226, 3294, 3432, 3574, 3626, 3760, 3764, 3828, 3952, 3954, 3968, 4678, 4960] then_blocks=[1190] else_blocks=[1194, 1236, 1316, 1320, 2464, 3210, 3226, 3294, 3432, 3574, 3626, 3760, 3764, 3828, 3952, 3954, 3968, 4678, 4960] inline_boolop_chains={2017087531856: {'blocks': [BasicBlock(17, offset=1068-1108, instrs=6), BasicBlock(18, offset=1110-1188, instrs=11)], 'op': 'and'}} children=[]
  IfRegion@1110 blocks=[1110, 1190, 1194, 1236, 1316, 1320, 2464, 3210, 3226, 3294, 3432, 3574, 3626, 3760, 3764, 3828, 3952, 3954, 3968, 4678, 4960] then_blocks=[1190] else_blocks=[1194, 1236, 1316, 1320, 2464, 3210, 3226, 3294, 3432, 3574, 3626, 3760, 3764, 3828, 3952, 3954, 3968, 4678, 4960] children=[]
  IfRegion@1194 blocks=[1194, 1236, 1316] then_blocks=[1316] inline_boolop_chains={2017087532496: {'blocks': [BasicBlock(20, offset=1194-1234, instrs=6), BasicBlock(21, offset=1236-1314, instrs=11)], 'op': 'and'}} children=[]
  IfRegion@1236 blocks=[1236, 1316] then_blocks=[1316] children=[]
  IfRegion@1324 blocks=[1324, 1372, 1444, 1486, 1566, 1570, 1612, 1692, 1696, 1820, 1830, 1834, 1884, 1896, 1908, 1912, 1954, 2034, 2038, 2080, 2160, 2164, 2208, 2212, 2254, 2334, 2338, 2380, 2460, 2464, 3210, 3226, 3294, 3432, 3574, 3626, 3760, 3764, 3828, 3952, 3954, 3968, 4678, 4960] then_blocks=[1372, 1444, 1486, 1566, 1570, 1612, 1692, 1696, 1820, 1830, 1834, 1884, 1896, 1908, 1912, 1954, 2034, 2038, 2080, 2160, 2164, 2208, 2212, 2254, 2334, 2338, 2380, 2460, 2464, 3210, 3226, 3294, 3432, 3574, 3626, 3760, 3764, 3828, 3952, 3954, 3968, 4678, 4960] children=[]
  IfRegion@1372 blocks=[1372, 1384, 1432, 1696, 1820, 1830, 1834, 1884, 1896, 1908, 1912, 1954, 2034, 2038, 2080, 2160, 2164, 2208, 2212, 2254, 2334, 2338, 2380, 2460, 2464, 3210, 3226, 3294, 3432, 3574, 3626, 3760, 3764, 3828, 3952, 3954, 3968, 4678, 4960] then_blocks=[1384, 1432, 1696, 1820, 1830, 1834, 1884, 1896, 1908, 1912, 1954, 2034, 2038, 2080, 2160, 2164, 2208, 2212, 2254, 2334, 2338, 2380, 2460, 2464, 3210, 3226, 3294, 3432, 3574, 3626, 3760, 3764, 3828, 3952, 3954, 3968, 4678, 4960] children=[]
  IfRegion@1384 blocks=[1384, 1432, 1444, 1486, 1566, 1570, 1612, 1692] then_blocks=[1444, 1486, 1566, 1570, 1612, 1692] inline_boolop_chains={2017087533584: {'blocks': [BasicBlock(26, offset=1384-1430, instrs=10), BasicBlock(27, offset=1432-1442, instrs=4)], 'op': 'and'}} children=[]
  IfRegion@1432 blocks=[1432, 1444, 1486, 1566, 1570, 1612, 1692] then_blocks=[1444, 1486, 1566, 1570, 1612, 1692] children=[]
  IfRegion@1444 blocks=[1444, 1486, 1566, 1570, 1612, 1692, 1696, 1820, 1830, 1834, 1884, 1896, 1908, 1912, 1954, 2034, 2038, 2080, 2160, 2164, 2208, 2212, 2254, 2334, 2338, 2380, 2460, 2464, 3210, 3226, 3294, 3432, 3574, 3626, 3760, 3764, 3828, 3952, 3954, 3968, 4678, 4960] then_blocks=[1566] else_blocks=[1570, 1612, 1692, 1696, 1820, 1830, 1834, 1884, 1896, 1908, 1912, 1954, 2034, 2038, 2080, 2160, 2164, 2208, 2212, 2254, 2334, 2338, 2380, 2460, 2464, 3210, 3226, 3294, 3432, 3574, 3626, 3760, 3764, 3828, 3952, 3954, 3968, 4678, 4960] inline_boolop_chains={2017087534032: {'blocks': [BasicBlock(28, offset=1444-1484, instrs=6), BasicBlock(29, offset=1486-1564, instrs=11)], 'op': 'and'}} children=[]
  IfRegion@1486 blocks=[1486, 1566, 1570, 1612, 1692, 1696, 1820, 1830, 1834, 1884, 1896, 1908, 1912, 1954, 2034, 2038, 2080, 2160, 2164, 2208, 2212, 2254, 2334, 2338, 2380, 2460, 2464, 3210, 3226, 3294, 3432, 3574, 3626, 3760, 3764, 3828, 3952, 3954, 3968, 4678, 4960] then_blocks=[1566] else_blocks=[1570, 1612, 1692, 1696, 1820, 1830, 1834, 1884, 1896, 1908, 1912, 1954, 2034, 2038, 2080, 2160, 2164, 2208, 2212, 2254, 2334, 2338, 2380, 2460, 2464, 3210, 3226, 3294, 3432, 3574, 3626, 3760, 3764, 3828, 3952, 3954, 3968, 4678, 4960] children=[]
  IfRegion@1570 blocks=[1570, 1612, 1692, 1696, 1820, 1830, 1834, 1884, 1896, 1908, 1912, 1954, 2034, 2038, 2080, 2160, 2164, 2208, 2212, 2254, 2334, 2338, 2380, 2460, 2464, 3210, 3226, 3294, 3432, 3574, 3626, 3760, 3764, 3828, 3952, 3954, 3968, 4678, 4960] then_blocks=[1692] else_blocks=[1696, 1820, 1830, 1834, 1884, 1896, 1908, 1912, 1954, 2034, 2038, 2080, 2160, 2164, 2208, 2212, 2254, 2334, 2338, 2380, 2460, 2464, 3210, 3226, 3294, 3432, 3574, 3626, 3760, 3764, 3828, 3952, 3954, 3968, 4678, 4960] inline_boolop_chains={2017087534672: {'blocks': [BasicBlock(31, offset=1570-1610, instrs=6), BasicBlock(32, offset=1612-1690, instrs=11)], 'op': 'and'}} children=[]
  IfRegion@1612 blocks=[1612, 1692, 1696, 1820, 1830, 1834, 1884, 1896, 1908, 1912, 1954, 2034, 2038, 2080, 2160, 2164, 2208, 2212, 2254, 2334, 2338, 2380, 2460, 2464, 3210, 3226, 3294, 3432, 3574, 3626, 3760, 3764, 3828, 3952, 3954, 3968, 4678, 4960] then_blocks=[1692] else_blocks=[1696, 1820, 1830, 1834, 1884, 1896, 1908, 1912, 1954, 2034, 2038, 2080, 2160, 2164, 2208, 2212, 2254, 2334, 2338, 2380, 2460, 2464, 3210, 3226, 3294, 3432, 3574, 3626, 3760, 3764, 3828, 3952, 3954, 3968, 4678, 4960] children=[]
  BoolOpRegion@1696 blocks=[1696, 1820, 1830, 1834] children=[]
  TernaryRegion@1696 blocks=[1696, 1820, 1830] children=[]
  IfRegion@1834 blocks=[1834, 1884, 1896, 1908, 1912, 1954, 2034, 2038, 2080, 2160] then_blocks=[1908, 1912, 1954, 2034, 2038, 2080, 2160] inline_boolop_chains={2017071664848: {'blocks': [BasicBlock(37, offset=1834-1882, instrs=11), BasicBlock(38, offset=1884-1894, instrs=4), BasicBlock(39, offset=1896-1906, instrs=4)], 'op': 'and'}} children=[]
  IfRegion@1884 blocks=[1884, 1896, 1908, 1912, 1954, 2034, 2038, 2080, 2160] then_blocks=[1908, 1912, 1954, 2034, 2038, 2080, 2160] inline_boolop_chains={2017071664848: {'blocks': [BasicBlock(38, offset=1884-1894, instrs=4), BasicBlock(39, offset=1896-1906, instrs=4)], 'op': 'and'}} children=[]
  IfRegion@1896 blocks=[1896, 1908, 1912, 1954, 2034, 2038, 2080, 2160] then_blocks=[1908, 1912, 1954, 2034, 2038, 2080, 2160] children=[]
  IfRegion@1908 blocks=[1908, 1912, 1954, 2034, 2038, 2080, 2160] then_blocks=[1912, 1954, 2034, 2038, 2080, 2160] children=[]
  IfRegion@1912 blocks=[1912, 1954, 2034, 2038, 2080, 2160, 2164, 2208, 2212, 2254, 2334, 2338, 2380, 2460, 2464, 3210, 3226, 3294, 3432, 3574, 3626, 3760, 3764, 3828, 3952, 3954, 3968, 4678, 4960] then_blocks=[2034] else_blocks=[2038, 2080, 2160, 2164, 2208, 2212, 2254, 2334, 2338, 2380, 2460, 2464, 3210, 3226, 3294, 3432, 3574, 3626, 3760, 3764, 3828, 3952, 3954, 3968, 4678, 4960] inline_boolop_chains={2017087536528: {'blocks': [BasicBlock(41, offset=1912-1952, instrs=6), BasicBlock(42, offset=1954-2032, instrs=11)], 'op': 'and'}} children=[]
  IfRegion@1954 blocks=[1954, 2034, 2038, 2080, 2160, 2164, 2208, 2212, 2254, 2334, 2338, 2380, 2460, 2464, 3210, 3226, 3294, 3432, 3574, 3626, 3760, 3764, 3828, 3952, 3954, 3968, 4678, 4960] then_blocks=[2034] else_blocks=[2038, 2080, 2160, 2164, 2208, 2212, 2254, 2334, 2338, 2380, 2460, 2464, 3210, 3226, 3294, 3432, 3574, 3626, 3760, 3764, 3828, 3952, 3954, 3968, 4678, 4960] children=[]
  IfRegion@2038 blocks=[2038, 2080, 2160, 2164, 2208, 2212, 2254, 2334, 2338, 2380, 2460, 2464, 3210, 3226, 3294, 3432, 3574, 3626, 3760, 3764, 3828, 3952, 3954, 3968, 4678, 4960] then_blocks=[2160] else_blocks=[2164, 2208, 2212, 2254, 2334, 2338, 2380, 2460, 2464, 3210, 3226, 3294, 3432, 3574, 3626, 3760, 3764, 3828, 3952, 3954, 3968, 4678, 4960] inline_boolop_chains={2017087619152: {'blocks': [BasicBlock(44, offset=2038-2078, instrs=6), BasicBlock(45, offset=2080-2158, instrs=11)], 'op': 'and'}} children=[]
  IfRegion@2080 blocks=[2080, 2160, 2164, 2208, 2212, 2254, 2334, 2338, 2380, 2460, 2464, 3210, 3226, 3294, 3432, 3574, 3626, 3760, 3764, 3828, 3952, 3954, 3968, 4678, 4960] then_blocks=[2160] else_blocks=[2164, 2208, 2212, 2254, 2334, 2338, 2380, 2460, 2464, 3210, 3226, 3294, 3432, 3574, 3626, 3760, 3764, 3828, 3952, 3954, 3968, 4678, 4960] children=[]
  IfRegion@2164 blocks=[2164, 2208, 2212, 2254, 2334, 2338, 2380, 2460] then_blocks=[2208, 2212, 2254, 2334, 2338, 2380, 2460] children=[]
  IfRegion@2208 blocks=[2208, 2212, 2254, 2334, 2338, 2380, 2460] then_blocks=[2212, 2254, 2334, 2338, 2380, 2460] children=[]
  IfRegion@2212 blocks=[2212, 2254, 2334, 2338, 2380, 2460, 2464, 3210, 3226, 3294, 3432, 3574, 3626, 3760, 3764, 3828, 3952, 3954, 3968, 4678, 4960] then_blocks=[2334] else_blocks=[2338, 2380, 2460, 2464, 3210, 3226, 3294, 3432, 3574, 3626, 3760, 3764, 3828, 3952, 3954, 3968, 4678, 4960] inline_boolop_chains={2017087620176: {'blocks': [BasicBlock(49, offset=2212-2252, instrs=6), BasicBlock(50, offset=2254-2332, instrs=11)], 'op': 'and'}} children=[]
  IfRegion@2254 blocks=[2254, 2334, 2338, 2380, 2460, 2464, 3210, 3226, 3294, 3432, 3574, 3626, 3760, 3764, 3828, 3952, 3954, 3968, 4678, 4960] then_blocks=[2334] else_blocks=[2338, 2380, 2460, 2464, 3210, 3226, 3294, 3432, 3574, 3626, 3760, 3764, 3828, 3952, 3954, 3968, 4678, 4960] children=[]
  IfRegion@2338 blocks=[2338, 2380, 2460] then_blocks=[2460] inline_boolop_chains={2017087620816: {'blocks': [BasicBlock(52, offset=2338-2378, instrs=6), BasicBlock(53, offset=2380-2458, instrs=11)], 'op': 'and'}} children=[]
  IfRegion@2380 blocks=[2380, 2460] then_blocks=[2460] children=[]
  IfRegion@2468 blocks=[2468, 2484, 2526, 2606, 2846, 2888, 2968] then_blocks=[2484, 2526, 2606, 2846, 2888, 2968] children=[]
  IfRegion@2484 blocks=[2484, 2526, 2606, 2846, 2888, 3208, 3210, 3226, 3294, 3432, 3574, 3626, 3760, 3764, 3828, 3952, 3954, 3968, 4678, 4960] then_blocks=[2606] else_blocks=[2846, 2888, 3208, 3210, 3226, 3294, 3432, 3574, 3626, 3760, 3764, 3828, 3952, 3954, 3968, 4678, 4960] inline_boolop_chains={2017087621776: {'blocks': [BasicBlock(57, offset=2484-2524, instrs=6), BasicBlock(58, offset=2526-2604, instrs=11)], 'op': 'and'}} children=[]
  IfRegion@2526 blocks=[2526, 2606, 2846, 2888, 3208, 3210, 3226, 3294, 3432, 3574, 3626, 3760, 3764, 3828, 3952, 3954, 3968, 4678, 4960] then_blocks=[2606] else_blocks=[2846, 2888, 3208, 3210, 3226, 3294, 3432, 3574, 3626, 3760, 3764, 3828, 3952, 3954, 3968, 4678, 4960] children=[]
  IfRegion@2846 blocks=[2846, 2888, 2968] then_blocks=[2968] inline_boolop_chains={2017087622416: {'blocks': [BasicBlock(60, offset=2846-2886, instrs=6), BasicBlock(61, offset=2888-2966, instrs=11)], 'op': 'and'}} children=[]
  IfRegion@2888 blocks=[2888, 2968] then_blocks=[2968] children=[]
  IfRegion@3210 blocks=[3210, 3226, 3294, 3432, 3574, 3626, 3760, 3764, 3828, 3952, 3954] then_blocks=[3226, 3294, 3432, 3574, 3626, 3760, 3764, 3828, 3952] else_blocks=[3954] children=[]
  IfRegion@3226 blocks=[3226, 3294, 3432, 3574, 3626, 3760, 3764, 3828, 3952, 3968, 4678, 4960] then_blocks=[3294] else_blocks=[3432, 3574, 3626, 3760, 3764, 3828, 3952, 3968, 4678, 4960] children=[]
  IfRegion@3432 blocks=[3432, 3574, 3626, 3760, 3764, 3828, 3952, 3968, 4678, 4960] then_blocks=[3574, 3626, 3760] else_blocks=[3764, 3828, 3952, 3968, 4678, 4960] children=[]
  IfRegion@3574 blocks=[3574, 3626] then_blocks=[3626] children=[]
  IfRegion@3764 blocks=[3764, 3828] then_blocks=[3828] children=[]
  IfRegion@3968 blocks=[3968, 4678] then_blocks=[4678] children=[]
