BLOCKS: [0, 216, 224, 266, 272, 348, 350, 414, 444, 594, 650, 654, 656, 678, 690, 704, 716, 726, 738, 874, 886, 896, 908, 918, 1000, 1044, 1082, 1168, 1172, 1176, 1178, 1210, 1286, 1310, 1316, 1318, 1324, 1326, 1332, 1334, 1356, 1360, 1416, 1438, 1442, 1448, 1450, 1456, 1458, 1464, 1468, 1522, 1526, 1544, 1622, 1628, 1630]

===== BLOCK 1000  succ=[654, 1442] pred=[656, 918]
  block_to_region: TryExceptRegion@350
  owner chain: TryExceptRegion@350
  regions mentioning 1000:
    LoopRegion@654 parent=WithRegion@414  {'blocks': [650, 654, 656, 678, 690, 704, 716, 726, 738, 874, 886, 896, 908, 918, 1000], 'body_blocks': [654, 656, 678, 690, 704, 716, 726, 738, 874, 886, 896, 908, 918, 1000]}  merge=None exit=None cond=None children=['IfRegion@656']
    TryExceptRegion@350 parent=None  {'blocks': [348, 414, 594, 650, 654, 656, 678, 690, 704, 716, 726, 738, 874, 886, 896, 908, 918, 1000, 1044, 1082, 1168, 1172, 1176, 1178, 1316, 1318, 1324, 1332, 1360, 1448, 1450, 1456, 1468, 1526, 1544, 1628, 1630, 350, 444, 1210, 1286, 1326, 1334, 1356, 1416, 1438, 1458, 1464, 1522, 1622], 'try_blocks': [350, 414, 444, 594, 650, 654, 656, 678, 690, 704, 716, 726, 738, 874, 886, 896, 908, 918, 1000, 1044, 1082, 1168, 1172, 1176, 1178, 1210, 1286, 1316, 1318, 1324, 1326, 1332, 1334, 1356, 1360, 1416, 1438, 1448, 1450, 1456, 1458, 1464, 1468, 1522]}  merge=None exit=None cond=None children=['WithRegion@414', 'IfRegion@1082']
    WithRegion@414 parent=TryExceptRegion@350  {'blocks': [414, 594, 650, 654, 656, 678, 690, 704, 716, 726, 738, 874, 886, 896, 908, 918, 1000, 1044, 1082, 1168, 1172, 1176, 1316, 1318, 1324, 1332, 1360, 1442, 1450, 444, 1210, 1286, 1326, 1334, 1356, 1416, 1438]}  merge=None exit=None cond=None children=['WithRegion@1178', 'LoopRegion@654']
    IfRegion@726 parent=IfRegion@656  {'blocks': [726, 738, 874, 886, 896, 908, 918, 1000], 'else_blocks': [874, 886, 896, 908, 918, 1000]}  merge=654 exit=654 cond=726 children=[]
    IfRegion@350 parent=None  {'blocks': [414, 594, 650, 654, 656, 678, 690, 704, 716, 726, 738, 874, 886, 896, 908, 918, 1000, 1044, 1082, 1168, 1172, 1176, 1178, 1332, 1360, 350, 444, 1210, 1334, 1356, 1416, 1438], 'then_blocks': [414, 444, 594, 650, 654, 656, 1044, 678, 1000, 1082, 1360, 690, 704, 1168, 1332, 1416, 716, 726, 1172, 1176, 1334, 1438, 738, 874, 1178, 1356, 886, 896, 1210, 908, 918]}  merge=1468 exit=1468 cond=350 children=[]

===== BLOCK 918  succ=[1442, 1000] pred=[896, 908]
  block_to_region: TryExceptRegion@350
  owner chain: TryExceptRegion@350
  regions mentioning 918:
    LoopRegion@654 parent=WithRegion@414  {'blocks': [650, 654, 656, 678, 690, 704, 716, 726, 738, 874, 886, 896, 908, 918, 1000], 'body_blocks': [654, 656, 678, 690, 704, 716, 726, 738, 874, 886, 896, 908, 918, 1000]}  merge=None exit=None cond=None children=['IfRegion@656']
    TryExceptRegion@350 parent=None  {'blocks': [348, 414, 594, 650, 654, 656, 678, 690, 704, 716, 726, 738, 874, 886, 896, 908, 918, 1000, 1044, 1082, 1168, 1172, 1176, 1178, 1316, 1318, 1324, 1332, 1360, 1448, 1450, 1456, 1468, 1526, 1544, 1628, 1630, 350, 444, 1210, 1286, 1326, 1334, 1356, 1416, 1438, 1458, 1464, 1522, 1622], 'try_blocks': [350, 414, 444, 594, 650, 654, 656, 678, 690, 704, 716, 726, 738, 874, 886, 896, 908, 918, 1000, 1044, 1082, 1168, 1172, 1176, 1178, 1210, 1286, 1316, 1318, 1324, 1326, 1332, 1334, 1356, 1360, 1416, 1438, 1448, 1450, 1456, 1458, 1464, 1468, 1522]}  merge=None exit=None cond=None children=['WithRegion@414', 'IfRegion@1082']
    WithRegion@414 parent=TryExceptRegion@350  {'blocks': [414, 594, 650, 654, 656, 678, 690, 704, 716, 726, 738, 874, 886, 896, 908, 918, 1000, 1044, 1082, 1168, 1172, 1176, 1316, 1318, 1324, 1332, 1360, 1442, 1450, 444, 1210, 1286, 1326, 1334, 1356, 1416, 1438]}  merge=None exit=None cond=None children=['WithRegion@1178', 'LoopRegion@654']
    IfRegion@726 parent=IfRegion@656  {'blocks': [726, 738, 874, 886, 896, 908, 918, 1000], 'else_blocks': [874, 886, 896, 908, 918, 1000]}  merge=654 exit=654 cond=726 children=[]
    IfRegion@656 parent=LoopRegion@654  {'blocks': [656, 678, 690, 704, 716, 726, 738, 874, 886, 896, 908, 918], 'then_blocks': [678, 690, 704, 716, 726, 738, 874, 886, 896, 908, 918]}  merge=1000 exit=1000 cond=656 children=['IfRegion@678', 'IfRegion@704', 'IfRegion@726', 'IfRegion@874', 'IfRegion@896']
    IfRegion@350 parent=None  {'blocks': [414, 594, 650, 654, 656, 678, 690, 704, 716, 726, 738, 874, 886, 896, 908, 918, 1000, 1044, 1082, 1168, 1172, 1176, 1178, 1332, 1360, 350, 444, 1210, 1334, 1356, 1416, 1438], 'then_blocks': [414, 444, 594, 650, 654, 656, 1044, 678, 1000, 1082, 1360, 690, 704, 1168, 1332, 1416, 716, 726, 1172, 1176, 1334, 1438, 738, 874, 1178, 1356, 886, 896, 1210, 908, 918]}  merge=1468 exit=1468 cond=350 children=[]

===== BLOCK 656  succ=[678, 1442, 1000] pred=[654]
  block_to_region: TryExceptRegion@350
  owner chain: TryExceptRegion@350
  regions mentioning 656:
    LoopRegion@654 parent=WithRegion@414  {'blocks': [650, 654, 656, 678, 690, 704, 716, 726, 738, 874, 886, 896, 908, 918, 1000], 'body_blocks': [654, 656, 678, 690, 704, 716, 726, 738, 874, 886, 896, 908, 918, 1000]}  merge=None exit=None cond=None children=['IfRegion@656']
    TryExceptRegion@350 parent=None  {'blocks': [348, 414, 594, 650, 654, 656, 678, 690, 704, 716, 726, 738, 874, 886, 896, 908, 918, 1000, 1044, 1082, 1168, 1172, 1176, 1178, 1316, 1318, 1324, 1332, 1360, 1448, 1450, 1456, 1468, 1526, 1544, 1628, 1630, 350, 444, 1210, 1286, 1326, 1334, 1356, 1416, 1438, 1458, 1464, 1522, 1622], 'try_blocks': [350, 414, 444, 594, 650, 654, 656, 678, 690, 704, 716, 726, 738, 874, 886, 896, 908, 918, 1000, 1044, 1082, 1168, 1172, 1176, 1178, 1210, 1286, 1316, 1318, 1324, 1326, 1332, 1334, 1356, 1360, 1416, 1438, 1448, 1450, 1456, 1458, 1464, 1468, 1522]}  merge=None exit=None cond=None children=['WithRegion@414', 'IfRegion@1082']
    WithRegion@414 parent=TryExceptRegion@350  {'blocks': [414, 594, 650, 654, 656, 678, 690, 704, 716, 726, 738, 874, 886, 896, 908, 918, 1000, 1044, 1082, 1168, 1172, 1176, 1316, 1318, 1324, 1332, 1360, 1442, 1450, 444, 1210, 1286, 1326, 1334, 1356, 1416, 1438]}  merge=None exit=None cond=None children=['WithRegion@1178', 'LoopRegion@654']
    IfRegion@656 parent=LoopRegion@654  {'blocks': [656, 678, 690, 704, 716, 726, 738, 874, 886, 896, 908, 918]}  merge=1000 exit=1000 cond=656 children=['IfRegion@678', 'IfRegion@704', 'IfRegion@726', 'IfRegion@874', 'IfRegion@896']
    IfRegion@350 parent=None  {'blocks': [414, 594, 650, 654, 656, 678, 690, 704, 716, 726, 738, 874, 886, 896, 908, 918, 1000, 1044, 1082, 1168, 1172, 1176, 1178, 1332, 1360, 350, 444, 1210, 1334, 1356, 1416, 1438], 'then_blocks': [414, 444, 594, 650, 654, 656, 1044, 678, 1000, 1082, 1360, 690, 704, 1168, 1332, 1416, 716, 726, 1172, 1176, 1334, 1438, 738, 874, 1178, 1356, 886, 896, 1210, 908, 918]}  merge=1468 exit=1468 cond=350 children=[]

===== BLOCK 726  succ=[738, 874, 1442] pred=[704, 716]
  block_to_region: TryExceptRegion@350
  owner chain: TryExceptRegion@350
  regions mentioning 726:
    LoopRegion@654 parent=WithRegion@414  {'blocks': [650, 654, 656, 678, 690, 704, 716, 726, 738, 874, 886, 896, 908, 918, 1000], 'body_blocks': [654, 656, 678, 690, 704, 716, 726, 738, 874, 886, 896, 908, 918, 1000]}  merge=None exit=None cond=None children=['IfRegion@656']
    TryExceptRegion@350 parent=None  {'blocks': [348, 414, 594, 650, 654, 656, 678, 690, 704, 716, 726, 738, 874, 886, 896, 908, 918, 1000, 1044, 1082, 1168, 1172, 1176, 1178, 1316, 1318, 1324, 1332, 1360, 1448, 1450, 1456, 1468, 1526, 1544, 1628, 1630, 350, 444, 1210, 1286, 1326, 1334, 1356, 1416, 1438, 1458, 1464, 1522, 1622], 'try_blocks': [350, 414, 444, 594, 650, 654, 656, 678, 690, 704, 716, 726, 738, 874, 886, 896, 908, 918, 1000, 1044, 1082, 1168, 1172, 1176, 1178, 1210, 1286, 1316, 1318, 1324, 1326, 1332, 1334, 1356, 1360, 1416, 1438, 1448, 1450, 1456, 1458, 1464, 1468, 1522]}  merge=None exit=None cond=None children=['WithRegion@414', 'IfRegion@1082']
    WithRegion@414 parent=TryExceptRegion@350  {'blocks': [414, 594, 650, 654, 656, 678, 690, 704, 716, 726, 738, 874, 886, 896, 908, 918, 1000, 1044, 1082, 1168, 1172, 1176, 1316, 1318, 1324, 1332, 1360, 1442, 1450, 444, 1210, 1286, 1326, 1334, 1356, 1416, 1438]}  merge=None exit=None cond=None children=['WithRegion@1178', 'LoopRegion@654']
    IfRegion@726 parent=IfRegion@656  {'blocks': [726, 738, 874, 886, 896, 908, 918, 1000]}  merge=654 exit=654 cond=726 children=[]
    IfRegion@656 parent=LoopRegion@654  {'blocks': [656, 678, 690, 704, 716, 726, 738, 874, 886, 896, 908, 918], 'then_blocks': [678, 690, 704, 716, 726, 738, 874, 886, 896, 908, 918]}  merge=1000 exit=1000 cond=656 children=['IfRegion@678', 'IfRegion@704', 'IfRegion@726', 'IfRegion@874', 'IfRegion@896']
    IfRegion@350 parent=None  {'blocks': [414, 594, 650, 654, 656, 678, 690, 704, 716, 726, 738, 874, 886, 896, 908, 918, 1000, 1044, 1082, 1168, 1172, 1176, 1178, 1332, 1360, 350, 444, 1210, 1334, 1356, 1416, 1438], 'then_blocks': [414, 444, 594, 650, 654, 656, 1044, 678, 1000, 1082, 1360, 690, 704, 1168, 1332, 1416, 716, 726, 1172, 1176, 1334, 1438, 738, 874, 1178, 1356, 886, 896, 1210, 908, 918]}  merge=1468 exit=1468 cond=350 children=[]
