CFG trade_operation: 57 blocks, 22 regions
TOP REGIONS (6):
  IfRegion@0 blocks=[0, 216, 224, 266, 272] then_blocks=[216] else_blocks=[224, 266, 272] elif_conditions=[224] children=['Region@0', 'Region@216', 'Region@224', 'Region@266', 'Region@272']
  Region@348 blocks=[348] children=[]
  TryExceptRegion@350 blocks=[348, 350, 414, 444, 594, 650, 654, 656, 678, 690, 704, 716, 726, 738, 874, 886, 896, 908, 918, 1000, 1044, 1082, 1168, 1172, 1176, 1178, 1210, 1286, 1316, 1318, 1324, 1326, 1332, 1334, 1356, 1360, 1416, 1438, 1448, 1450, 1456, 1458, 1464, 1468, 1522, 1526, 1544, 1622, 1628, 1630] try_blocks=[350, 414, 444, 594, 650, 654, 656, 678, 690, 704, 716, 726, 738, 874, 886, 896, 908, 918, 1000, 1044, 1082, 1168, 1172, 1176, 1178, 1210, 1286, 1316, 1318, 1324, 1326, 1332, 1334, 1356, 1360, 1416, 1438, 1448, 1450, 1456, 1458, 1464, 1468, 1522] children=['WithRegion@414', 'IfRegion@1082']
  IfRegion@350 blocks=[350, 414, 444, 594, 650, 654, 656, 678, 690, 704, 716, 726, 738, 874, 886, 896, 908, 918, 1000, 1044, 1082, 1168, 1172, 1176, 1178, 1210, 1332, 1334, 1356, 1360, 1416, 1438] then_blocks=[414, 444, 594, 650, 654, 656, 678, 690, 704, 716, 726, 738, 874, 886, 896, 908, 918, 1000, 1044, 1082, 1168, 1172, 1176, 1178, 1210, 1332, 1334, 1356, 1360, 1416, 1438] children=[]
  IfRegion@444 blocks=[444, 594] then_blocks=[594] children=[]
  IfRegion@1044 blocks=[1044, 1082, 1168, 1172, 1176, 1178, 1210, 1332, 1334, 1356] then_blocks=[1082, 1168, 1172, 1176, 1178, 1210, 1332, 1334, 1356] children=[]

FULL TREE BY ENTRY:
  IfRegion@0 blocks=[0, 216, 224, 266, 272] then_blocks=[216] else_blocks=[224, 266, 272] elif_conditions=[224] children=['Region@0', 'Region@216', 'Region@224', 'Region@266', 'Region@272']
  Region@0 blocks=[0] children=[]
  Region@216 blocks=[216] children=[]
  Region@224 blocks=[224] children=[]
  Region@266 blocks=[266] children=[]
  Region@272 blocks=[272] children=[]
  Region@348 blocks=[348] children=[]
  TryExceptRegion@350 blocks=[348, 350, 414, 444, 594, 650, 654, 656, 678, 690, 704, 716, 726, 738, 874, 886, 896, 908, 918, 1000, 1044, 1082, 1168, 1172, 1176, 1178, 1210, 1286, 1316, 1318, 1324, 1326, 1332, 1334, 1356, 1360, 1416, 1438, 1448, 1450, 1456, 1458, 1464, 1468, 1522, 1526, 1544, 1622, 1628, 1630] try_blocks=[350, 414, 444, 594, 650, 654, 656, 678, 690, 704, 716, 726, 738, 874, 886, 896, 908, 918, 1000, 1044, 1082, 1168, 1172, 1176, 1178, 1210, 1286, 1316, 1318, 1324, 1326, 1332, 1334, 1356, 1360, 1416, 1438, 1448, 1450, 1456, 1458, 1464, 1468, 1522] children=['WithRegion@414', 'IfRegion@1082']
  IfRegion@350 blocks=[350, 414, 444, 594, 650, 654, 656, 678, 690, 704, 716, 726, 738, 874, 886, 896, 908, 918, 1000, 1044, 1082, 1168, 1172, 1176, 1178, 1210, 1332, 1334, 1356, 1360, 1416, 1438] then_blocks=[414, 444, 594, 650, 654, 656, 678, 690, 704, 716, 726, 738, 874, 886, 896, 908, 918, 1000, 1044, 1082, 1168, 1172, 1176, 1178, 1210, 1332, 1334, 1356, 1360, 1416, 1438] children=[]
  WithRegion@414 blocks=[414, 444, 594, 650, 654, 656, 678, 690, 704, 716, 726, 738, 874, 886, 896, 908, 918, 1000, 1044, 1082, 1168, 1172, 1176, 1210, 1286, 1316, 1318, 1324, 1326, 1332, 1334, 1356, 1360, 1416, 1438, 1442, 1450] children=['WithRegion@1178', 'LoopRegion@654']
  IfRegion@444 blocks=[444, 594] then_blocks=[594] children=[]
  LoopRegion@654 blocks=[650, 654, 656, 678, 690, 704, 716, 726, 738, 874, 886, 896, 908, 918, 1000] body_blocks=[654, 656, 678, 690, 704, 716, 726, 738, 874, 886, 896, 908, 918, 1000] children=['IfRegion@656']
  IfRegion@656 blocks=[656, 678, 690, 704, 716, 726, 738, 874, 886, 896, 908, 918] then_blocks=[678, 690, 704, 716, 726, 738, 874, 886, 896, 908, 918] children=['IfRegion@678', 'IfRegion@704', 'IfRegion@726', 'IfRegion@874', 'IfRegion@896']
  IfRegion@678 blocks=[678, 690] then_blocks=[690] children=[]
  IfRegion@704 blocks=[704, 716] then_blocks=[716] children=[]
  IfRegion@726 blocks=[726, 738, 874, 886, 896, 908, 918, 1000] then_blocks=[738] else_blocks=[874, 886, 896, 908, 918, 1000] children=[]
  IfRegion@874 blocks=[874, 886] then_blocks=[886] children=[]
  IfRegion@896 blocks=[896, 908] then_blocks=[908] children=[]
  IfRegion@1044 blocks=[1044, 1082, 1168, 1172, 1176, 1178, 1210, 1332, 1334, 1356] then_blocks=[1082, 1168, 1172, 1176, 1178, 1210, 1332, 1334, 1356] children=[]
  IfRegion@1082 blocks=[1082, 1168, 1172, 1176, 1178, 1210] then_blocks=[1168, 1172, 1176, 1178, 1210] children=['TernaryRegion@1168']
  TernaryRegion@1168 blocks=[1168, 1172, 1176, 1178] children=[]
  WithRegion@1178 blocks=[1178, 1210, 1286, 1310, 1318, 1442, 1450] children=[]
