CFG _process_order: 63 blocks, 19 regions
TOP REGIONS (2):
  Region@0 blocks=[0] children=[]
  LoopRegion@46 blocks=[44, 46, 96, 98, 206, 258, 312, 318, 360, 418, 420, 456, 500, 528, 546, 620, 624, 626, 682, 686, 704, 794, 850, 854, 1202, 1362, 1366, 1416, 1576, 1580, 1634, 1754, 1758, 1760, 1802, 1906, 1974, 2092, 2230, 2234, 2236, 2304, 2308, 2310, 2390, 2394, 2396, 2430, 2568, 2572, 2574, 2642, 2646, 2648, 2912, 3024, 3026, 3044, 3116, 3120, 3122, 3128] else_blocks=[3024, 3116, 3128] body_blocks=[46, 96, 98, 206, 258, 312, 318, 360, 418, 420, 456, 500, 528, 546, 620, 624, 626, 682, 686, 704, 794, 850, 854, 1202, 1362, 1366, 1416, 1576, 1580, 1634, 1754, 1758, 1760, 1802, 1906, 1974, 2092, 2230, 2234, 2236, 2304, 2308, 2310, 2390, 2394, 2396, 2430, 2568, 2572, 2574, 2642, 2646, 2648, 2912, 3026, 3044, 3120, 3122] children=['TryExceptRegion@98', 'IfRegion@318']

FULL TREE BY ENTRY:
  Region@0 blocks=[0] children=[]
  LoopRegion@46 blocks=[44, 46, 96, 98, 206, 258, 312, 318, 360, 418, 420, 456, 500, 528, 546, 620, 624, 626, 682, 686, 704, 794, 850, 854, 1202, 1362, 1366, 1416, 1576, 1580, 1634, 1754, 1758, 1760, 1802, 1906, 1974, 2092, 2230, 2234, 2236, 2304, 2308, 2310, 2390, 2394, 2396, 2430, 2568, 2572, 2574, 2642, 2646, 2648, 2912, 3024, 3026, 3044, 3116, 3120, 3122, 3128] else_blocks=[3024, 3116, 3128] body_blocks=[46, 96, 98, 206, 258, 312, 318, 360, 418, 420, 456, 500, 528, 546, 620, 624, 626, 682, 686, 704, 794, 850, 854, 1202, 1362, 1366, 1416, 1576, 1580, 1634, 1754, 1758, 1760, 1802, 1906, 1974, 2092, 2230, 2234, 2236, 2304, 2308, 2310, 2390, 2394, 2396, 2430, 2568, 2572, 2574, 2642, 2646, 2648, 2912, 3026, 3044, 3120, 3122] children=['TryExceptRegion@98', 'IfRegion@318']
  TryExceptRegion@98 blocks=[96, 98, 206, 258, 312] try_blocks=[98] children=[]
  IfRegion@318 blocks=[318, 360, 418, 420, 456, 500, 528, 546, 620, 624, 626, 682, 686, 704, 794, 850, 854, 1202, 1362, 1366, 1416, 1576, 1580, 1634, 1754, 1758, 1760, 1802, 1906, 1974, 2092, 2230, 2234, 2236, 2304, 2308, 2310, 2390, 2394, 2396, 2430, 2568, 2572, 2574, 2642, 2646, 2648, 2912] then_blocks=[360] else_blocks=[418, 420, 456, 500, 528, 546, 620, 624, 626, 682, 686, 704, 794, 850, 854, 1202, 1362, 1366, 1416, 1576, 1580, 1634, 1754, 1758, 1760, 1802, 1906, 1974, 2092, 2230, 2234, 2236, 2304, 2308, 2310, 2390, 2394, 2396, 2430, 2568, 2572, 2574, 2642, 2646, 2648, 2912] children=['TryExceptRegion@420']
  TryExceptRegion@420 blocks=[418, 420, 456, 500, 528, 546, 620, 624, 626, 682, 686, 704, 794, 850, 854, 1202, 1362, 1366, 1416, 1576, 1580, 1634, 1754, 1758, 1760, 1802, 1906, 1974, 2092, 2230, 2234, 2236, 2304, 2308, 2310, 2390, 2394, 2396, 2430, 2568, 2572, 2574, 2642, 2646, 2648, 2912, 3026, 3044, 3116, 3120, 3122] try_blocks=[420, 456, 500, 528, 546, 620, 624, 626, 682, 686, 704, 794, 850, 854, 1202, 1362, 1366, 1416, 1576, 1580, 1634, 1754, 1758, 1760, 1802, 1906, 1974, 2092, 2230, 2234, 2236, 2304, 2308, 2310, 2390, 2394, 2396, 2430, 2568, 2572, 2574, 2642, 2646, 2648, 2912] children=['IfRegion@420', 'IfRegion@456', 'IfRegion@500', 'IfRegion@528', 'IfRegion@686', 'IfRegion@854', 'IfRegion@1580', 'IfRegion@1634', 'IfRegion@1802', 'IfRegion@1906', 'IfRegion@2236', 'IfRegion@2310', 'IfRegion@2574']
  IfRegion@420 blocks=[420, 456, 500, 528, 546, 620, 624, 626, 682] then_blocks=[456, 500, 528, 546, 620, 624, 626, 682] children=[]
  IfRegion@456 blocks=[456, 500, 528, 546, 620, 624, 626, 682] then_blocks=[500, 528, 546, 620, 624, 626, 682] children=[]
  IfRegion@500 blocks=[500, 528, 546, 620, 624, 626, 682, 686, 704, 794, 850, 854, 1202, 1362, 1366, 1416, 1576, 1580, 1634, 1754, 1758, 1760, 1802, 1906, 1974, 2092, 2230, 2234, 2236, 2304, 2308, 2310, 2390, 2394, 2396, 2430, 2568, 2572, 2574, 2642, 2646, 2648, 2912] then_blocks=[528, 546, 620, 624, 686, 704, 794, 850, 854, 1202, 1362, 1366, 1416, 1576, 1580, 1634, 1754, 1758, 1760, 1802, 1906, 1974, 2092, 2230, 2234, 2236, 2304, 2308, 2310, 2390, 2394, 2396, 2430, 2568, 2572, 2574, 2642, 2646, 2648, 2912] else_blocks=[626, 682] children=[]
  IfRegion@528 blocks=[528, 546, 620, 624, 686, 704, 794, 850, 854, 1202, 1362, 1366, 1416, 1576, 1580, 1634, 1754, 1758, 1760, 1802, 1906, 1974, 2092, 2230, 2234, 2236, 2304, 2308, 2310, 2390, 2394, 2396, 2430, 2568, 2572, 2574, 2642, 2646, 2648, 2912] then_blocks=[546, 620] else_blocks=[624, 686, 704, 794, 850, 854, 1202, 1362, 1366, 1416, 1576, 1580, 1634, 1754, 1758, 1760, 1802, 1906, 1974, 2092, 2230, 2234, 2236, 2304, 2308, 2310, 2390, 2394, 2396, 2430, 2568, 2572, 2574, 2642, 2646, 2648, 2912] children=[]
  BoolOpRegion@686 blocks=[686, 704] children=[]
  IfRegion@686 blocks=[686, 704, 794, 850, 854, 1202, 1362, 1366, 1416, 1576, 1580, 1634, 1754, 1758, 1760, 1802, 1906, 1974, 2092, 2230, 2234, 2236, 2304, 2308, 2310, 2390, 2394, 2396, 2430, 2568, 2572, 2574, 2642, 2646, 2648, 2912] then_blocks=[794, 850] else_blocks=[854, 1202, 1362, 1366, 1416, 1576, 1580, 1634, 1754, 1758, 1760, 1802, 1906, 1974, 2092, 2230, 2234, 2236, 2304, 2308, 2310, 2390, 2394, 2396, 2430, 2568, 2572, 2574, 2642, 2646, 2648, 2912] inline_boolop_chains={1969178831440: {'blocks': [BasicBlock(16, offset=686-702, instrs=5), BasicBlock(17, offset=704-792, instrs=13)], 'op': 'and'}} children=['BoolOpRegion@686']
  IfRegion@854 blocks=[854, 1202, 1362, 1366, 1416, 1576, 1580, 1634, 1754, 1758, 1760, 1802, 1906, 1974, 2092, 2230, 2234, 2236, 2304, 2308, 2310, 2390, 2394, 2396, 2430, 2568, 2572, 2574, 2642, 2646, 2648, 2912] then_blocks=[1202, 1362] else_blocks=[1366, 1416, 1576, 1580, 1634, 1754, 1758, 1760, 1802, 1906, 1974, 2092, 2230, 2234, 2236, 2304, 2308, 2310, 2390, 2394, 2396, 2430, 2568, 2572, 2574, 2642, 2646, 2648, 2912] elif_conditions=[1366] children=[]
  IfRegion@1580 blocks=[1580, 1634, 1754, 1758, 1760, 1802, 1906, 1974, 2092, 2230, 2234, 2236, 2304, 2308, 2310, 2390, 2394, 2396, 2430, 2568, 2572, 2574, 2642, 2646, 2648] then_blocks=[1634, 1754, 1758, 1760] else_blocks=[1802, 1906, 1974, 2092, 2230, 2234, 2236, 2304, 2308, 2310, 2390, 2394, 2396, 2430, 2568, 2572, 2574, 2642, 2646, 2648] elif_conditions=[1802, 2430] children=[]
  IfRegion@1634 blocks=[1634, 1754, 1758] then_blocks=[1754] else_blocks=[1758] children=[]
  IfRegion@1802 blocks=[1802, 1906, 1974, 2092, 2230, 2234, 2236, 2304, 2308, 2310, 2390, 2394, 2396, 2430, 2568, 2572, 2574, 2642, 2646, 2648] then_blocks=[1906, 1974, 2092, 2230, 2234, 2236, 2304, 2308, 2310, 2390, 2394, 2396] else_blocks=[2430, 2568, 2572, 2574, 2642, 2646, 2648] elif_conditions=[2430] children=[]
  IfRegion@1906 blocks=[1906, 1974, 2092, 2230, 2234, 2236, 2304, 2308, 2310, 2390, 2394, 2396] then_blocks=[1974] else_blocks=[2092, 2230, 2234, 2236, 2304, 2308, 2310, 2390, 2394, 2396] elif_conditions=[2092] children=[]
  IfRegion@2236 blocks=[2236, 2304, 2308] then_blocks=[2304] else_blocks=[2308] children=[]
  IfRegion@2310 blocks=[2310, 2390, 2394] then_blocks=[2390] else_blocks=[2394] children=[]
  IfRegion@2574 blocks=[2574, 2642, 2646] then_blocks=[2642] else_blocks=[2646] children=[]
