== target region TernaryRegion ==
   condition_block = 1696..1818(21)
   true_value_block = 1820..1828(3)
   false_value_block = 1830..1832(2)
   merge_block = 1834..1882(11)
   entry_block = None
   exit_block = None
   merge_context='store' value_target='is_first_five_trading_days' container_type=None
   chained_compare_ops=[] chained_compare_blocks=[]
   condition_chain_blocks=[1696..1818(21)]
   ops=[]
   blocks=[1696..1818(21) 1820..1828(3) 1830..1832(2)]
   chained_compare_operands=None
RETURN line 37552 -> None
   lines: [34240, 34241, 34242, 34243, 34253, 34261, 34260, 34262, 34263, 34264, 34263, 34264, 34263, 34264, 34263, 34264, 34263, 34264, 34263, 34264, 34263, 34264, 34263, 34264, 34263, 34264, 34263, 34264, 34263, 34264, 34263, 34264, 34263, 34264, 34263, 34264, 34263, 34264, 34263, 34264, 34263, 34264, 34263, 34264, 34263, 34264, 34263, 34264, 34263, 34264, 34263, 34264, 34263, 34264, 34263, 34264, 34263, 34264, 34263, 34264, 34263, 34264, 34263, 34264, 34263, 34264, 34263, 34264, 34263, 34264, 34263, 34264, 34263, 34264, 34263, 34264, 34263, 34264, 34263, 34264, 34263, 34264, 34263, 34264, 34263, 34264, 34263, 34264, 34263, 34264, 34263, 34264, 34263, 34264, 34263, 34264, 34263, 34264, 34263, 34264, 34263, 34264, 34263, 34264, 34263, 34264, 34263, 34283, 34289, 34290, 34291, 34292, 34291, 34292, 34291, 34292, 34291, 34292, 34291, 34292, 34291, 34292, 34291, 34292, 34291, 34292, 34291, 34292, 34291, 34292, 34291, 34292, 34291, 34292, 34291, 34292, 34291, 34292, 34291, 34292, 34291, 34292, 34291, 34292, 34291, 34292, 34291, 34292, 34291, 34292, 34291, 34292, 34291, 34292, 34291, 34292, 34291, 34292, 34291, 34292, 34291, 34292, 34291, 34292, 34291, 34292, 34291, 34292, 34291, 34292, 34291, 34292, 34291, 34292, 34291, 34292, 34291, 34292, 34291, 34292, 34291, 34292, 34291, 34292, 34291, 34292, 34291, 34292, 34291, 34292, 34291, 34292, 34291, 34292, 34291, 34292, 34291, 34292, 34291, 34292, 34291, 34292, 34291, 34292, 34291, 34292, 34291, 34292, 34291, 34396, 34397, 34398, 34406, 34412, 34423, 34424, 34423, 34425, 34423, 34431, 34432, 34433, 34434, 34435, 34436, 34437, 34438, 34439, 34438, 35057, 35058, 35059, 35060, 35077, 35078, 35131, 35130, 35132, 35133, 35134, 35149, 35150, 35151, 35152, 35153, 35151, 35155, 37552]
== final result: None ==