ORIG lines [2, 4, 6, 12, 16, 18, 20, 22, 32, 34, 36, 38, 40, 50, 52, 54, 70, 76, 78, 82, 92, 94, 96, 98, 100, 104, 106, 108, 110, 114, 116, 118, 130, 132, 134, 136, 148, 158, 160, 172, 176, 186, 190, 194, 204, 206, 208, 210, 212, 214, 218, 220, 222, 224, 228, 230, 232, 234, 236, 238, 240, 242, 244, 246, 256, 258, 260, 262, 274, 284, 286, 288, 292, 302, 304, 308, 318, 320, 322, 338, 344, 346, 350, 360, 362, 364, 366, 368, 372, 374, 376, 378, 382, 384, 386, 388, 400, 402, 404, 406, 418, 428, 430, 442, 446, 456, 460, 464, 474, 476, 478, 480, 492, 502, 504, 506, 510, 520, 522, 526, 536, 538, 540, 544, 546, 548, 550, 554, 556, 558, 560, 562, 564, 566, 568, 570, 572, 584, 586, 588, 590, 602, 612, 614, 626, 630, 640, 644, 648, 658, 660, 672, 676, 686, 688, 690, 692, 694, 696, 700, 712, 714, 718, 728, 730, 736, 738, 740, 742, 744, 746, 750, 752, 754, 756, 768, 778, 780, 782, 786, 796, 798, 802, 812, 814, 816, 820, 822, 824, 826, 830, 832, 834, 836, 838, 840, 842, 844, 846, 858, 860, 864, 874, 876, 880, 886, 888, 890, 892, 894, 904, 906, 908, 910, 912, 922, 924, 926, 942, 948, 950, 954, 964, 966, 968, 970, 972, 976, 978, 980, 982, 986, 988, 990, 992, 1004, 1006, 1008, 1010, 1022, 1032, 1034, 1046, 1050, 1060, 1064, 1068, 1078, 1080, 1082, 1084, 1086, 1088, 1092, 1094, 1096, 1098, 1102, 1104, 1106, 1108, 1110, 1112, 1114, 1116, 1118, 1120, 1132, 1134, 1136, 1138, 1150, 1160, 1162, 1174, 1178, 1188, 1192, 1196, 1206, 1208, 1220, 1224, 1234, 1236, 1238, 1240, 1242, 1244, 1248, 1250, 1252, 1254, 1258, 1260, 1262, 1264, 1266, 1268, 1270, 1272, 1274, 1276, 1278, 1288, 1290, 1292, 1294, 1296, 1306, 1308, 1310, 1312, 1324, 1334, 1336, 1338, 1342, 1352, 1354, 1358, 1368, 1370, 1372, 1388, 1394, 1396, 1400, 1410, 1412, 1414, 1416, 1418, 1422, 1424, 1426, 1428, 1432, 1434, 1436, 1438, 1450, 1452, 1454, 1456, 1468, 1478, 1480, 1492, 1496, 1506, 1510, 1514, 1524, 1526, 1528, 1530, 1542, 1552, 1554, 1556, 1560, 1570, 1572, 1576, 1586, 1588, 1590, 1594, 1596, 1598, 1600, 1604, 1606, 1608, 1610, 1612, 1614, 1616, 1618, 1620, 1632, 1634, 1636, 1638, 1650, 1660, 1662, 1674, 1678, 1688, 1692, 1696, 1706, 1708, 1720, 1724, 1734, 1736, 1738, 1740, 1752, 1762, 1764, 1766, 1770, 1780, 1782, 1786, 1796, 1798, 1800, 1804, 1806, 1808, 1810, 1814, 1816, 1818, 1820, 1822, 1824, 1826, 1828]
         14 POP_JUMP_FORWARD_IF_FALSE    to 844
        114 JUMP_FORWARD                 to 240
        116 PUSH_EXC_INFO                
        132 POP_JUMP_FORWARD_IF_FALSE    to 232
        228 POP_EXCEPT                   
        230 JUMP_FORWARD                 to 240
        232 RERAISE                      
        236 POP_EXCEPT                   
        238 RERAISE                      
        384 RETURN_VALUE                 
        386 PUSH_EXC_INFO                
        402 POP_JUMP_FORWARD_IF_FALSE    to 558
        554 POP_EXCEPT                   
        556 JUMP_FORWARD                 to 566
        558 RERAISE                      
        562 POP_EXCEPT                   
        564 RERAISE                      
        568 RETURN_VALUE                 
        570 PUSH_EXC_INFO                
        586 POP_JUMP_FORWARD_IF_FALSE    to 836
        736 POP_JUMP_FORWARD_IF_FALSE    to 752
        750 JUMP_FORWARD                 to 820
        830 POP_EXCEPT                   
        834 RETURN_VALUE                 
        836 RERAISE                      
        840 POP_EXCEPT                   
        842 RERAISE                      
        886 POP_JUMP_FORWARD_IF_FALSE    to 1272
        988 RETURN_VALUE                 
        990 PUSH_EXC_INFO                
       1006 POP_JUMP_FORWARD_IF_FALSE    to 1106
       1102 POP_EXCEPT                   
       1104 JUMP_FORWARD                 to 1114
       1106 RERAISE                      
       1110 POP_EXCEPT                   
       1112 RERAISE                      
       1116 RETURN_VALUE                 
       1118 PUSH_EXC_INFO                
       1134 POP_JUMP_FORWARD_IF_FALSE    to 1264
       1258 POP_EXCEPT                   
       1262 RETURN_VALUE                 
       1264 RERAISE                      
       1268 POP_EXCEPT                   
       1270 RERAISE                      
       1434 RETURN_VALUE                 
       1436 PUSH_EXC_INFO                
       1452 POP_JUMP_FORWARD_IF_FALSE    to 1610
       1604 POP_EXCEPT                   
       1608 RETURN_VALUE                 
       1610 RERAISE                      
       1614 POP_EXCEPT                   
       1616 RERAISE                      
       1618 PUSH_EXC_INFO                
       1634 POP_JUMP_FORWARD_IF_FALSE    to 1820
       1814 POP_EXCEPT                   
       1818 RETURN_VALUE                 
       1820 RERAISE                      
       1824 POP_EXCEPT                   
       1826 RERAISE                      
